ASCII32( )
0000000000000000
0000000000000000
0000000000000000
0000000000000000
0000000000000000
0000000000000000
0000000000000000
0000000000000000
0000000000000000
0000000000000000
0000000000000000
0000000000000000
0000000000000000
0000000000000000
0000000000000000
0000000000000000
0000000000000000
0000000000000000
0000000000000000
0000000000000000
0000000000000000
0000000000000000
0000000000000000
0000000000000000
0000000000000000
0000000000000000
0000000000000000
0000000000000000
0000000000000000
0000000000000000
0000000000000000
0000000000000000
ASCII33(!)
0000000000000000
0000000000000000
0000000000000000
0000000000000000
0000000000000000
0000000000000000
0000001111000000
0000001111000000
0000111111110000
0000111111110000
0000111111110000
0000111111110000
0000111111110000
0000111111110000
0000001111000000
0000001111000000
0000001111000000
0000001111000000
0000000000000000
0000000000000000
0000001111000000
0000001111000000
0000001111000000
0000001111000000
0000000000000000
0000000000000000
0000000000000000
0000000000000000
0000000000000000
0000000000000000
0000000000000000
0000000000000000
ASCII34(")
0000000000000000
0000000000000000
0000000000000000
0000000000000000
0000000000000000
0000000000000000
0011110000111100
0011110000111100
0011110000111100
0011110000111100
0011110000111100
0011110000111100
0000000000000000
0000000000000000
0000000000000000
0000000000000000
0000000000000000
0000000000000000
0000000000000000
0000000000000000
0000000000000000
0000000000000000
0000000000000000
0000000000000000
0000000000000000
0000000000000000
0000000000000000
0000000000000000
0000000000000000
0000000000000000
0000000000000000
0000000000000000
ASCII35(#)
0000000000000000
0000000000000000
0000000000000000
0000000000000000
0000000000000000
0000000000000000
0000111100111100
0000111100111100
0000111100111100
0000111100111100
0011111111111111
0011111111111111
0000111100111100
0000111100111100
0000111100111100
0000111100111100
0000111100111100
0000111100111100
0011111111111111
0011111111111111
0000111100111100
0000111100111100
0000111100111100
0000111100111100
0000000000000000
0000000000000000
0000000000000000
0000000000000000
0000000000000000
0000000000000000
0000000000000000
0000000000000000
ASCII36($)
0000000000000000
0000000000000000
0000001111000000
0000001111000000
0000001111000000
0000001111000000
0000111111110000
0000111111110000
0011110000111100
0011110000111100
0011110000000000
0011110000000000
0000111100000000
0000111100000000
0000001111000000
0000001111000000
0000000011110000
0000000011110000
0000000000111100
0000000000111100
0011110000111100
0011110000111100
0000111111110000
0000111111110000
0000001111000000
0000001111000000
0000001111000000
0000001111000000
0000000000000000
0000000000000000
0000000000000000
0000000000000000
