ASCII32( )
0000000000000000
0000000000000000
0000000000000000
0000000000000000
0000000000000000
0000000000000000
0000000000000000
0000000000000000
0000000000000000
0000000000000000
0000000000000000
0000000000000000
0000000000000000
0000000000000000
0000000000000000
0000000000000000
0000000000000000
0000000000000000
0000000000000000
0000000000000000
0000000000000000
0000000000000000
0000000000000000
0000000000000000
0000000000000000
0000000000000000
0000000000000000
0000000000000000
0000000000000000
0000000000000000
0000000000000000
0000000000000000
ASCII33(!)
0000000000000000
0000000000000000
0000000000000000
0000000000000000
0000001111000000
0000001111000000
0000111111110000
0000111111110000
0000111111110000
0000111111110000
0000111111110000
0000111111110000
0000001111000000
0000001111000000
0000001111000000
0000001111000000
0000000000000000
0000000000000000
0000001111000000
0000001111000000
0000001111000000
0000001111000000
0000000000000000
0000000000000000
0000000000000000
0000000000000000
0000000000000000
0000000000000000
0000000000000000
0000000000000000
